0.693748 2.10e-15
0.315867 3.61e-13
1.240699 5.64e-16
0.003536 9.85e-20
0.002624 6.45e-20
0.002643 3.03e-20
0.004033 3.40e-20
0.003480 1.49e-19
0.007588 2.94e-19
0.004343 9.52e-20
0.318358 1.50e-16
0.004865 1.02e-20
0.001877 4.96e-21
0.942951 4.08e-16
1.118225 2.88e-15
0.632336 2.49e-15
0.926276 4.46e-15
1.217094 2.35e-15
0.354732 7.00e-18
2.115171 9.54e-15
0.472037 3.33e-15
0.738062 1.00e-16
8.020392 1.88e-11
1.679164 5.95e-15
1.283660 1.31e-14
1.071118 4.81e-17
0.807565 7.70e-17
0.688542 7.09e-15
0.325883 4.86e-15
0.101439 5.85e-15
0.348124 1.76e-15
0.463474 1.20e-16
0.136962 7.84e-17
0.414763 1.22e-17
0.272451 1.07e-14
1.222949 3.91e-16
8.688329 2.03e-12
0.196321 2.57e-16
1.464665 4.43e-16
2.746647 1.70e-15
0.832742 1.30e-15
1.811561 1.52e-16
2.351745 1.89e-13
0.065686 1.94e-13
0.630550 1.20e-15
1.077333 2.90e-16
0.548880 6.62e-16
0.002323 7.74e-20
1.466820 3.11e-15
0.447708 3.06e-17
1.387584 1.30e-15
3.032072 6.36e-16
0.893320 2.15e-16
0.714520 2.05e-15
0.269201 7.35e-18
1.934478 1.34e-14
2.597027 5.67e-17
0.444104 1.20e-14
0.197030 4.77e-16
0.156382 4.40e-15
0.545253 1.54e-15
0.594574 5.58e-15
0.025702 7.90e-20
0.390715 7.66e-17
0.757119 1.32e-15
3.453070 5.00e-13
2.161308 1.16e-15
0.005757 5.73e-20
0.450448 1.48e-16
0.479164 3.37e-15
0.438014 1.03e-16
0.548939 5.75e-15
0.340729 2.37e-15
0.320423 1.02e-14
0.800132 3.67e-14
2.497012 2.10e-16
1.133076 1.40e-15
0.638565 5.58e-15
0.691251 2.31e-14
0.322062 2.06e-16
0.004991 1.17e-21
0.263212 6.97e-16
0.241642 3.01e-17
0.674532 1.77e-14
0.354438 7.36e-17
8.047000 6.50e-11
3.745513 4.00e-14
0.975725 1.55e-14
0.642743 5.35e-15
0.963018 1.60e-16
0.033085 4.23e-13
1.817565 4.25e-13
0.200511 1.15e-14
1.245856 5.65e-16
0.016122 5.18e-14
0.143158 3.67e-15
0.050568 4.79e-13
1.286015 8.20e-16
0.245975 1.54e-14
0.708954 3.94e-15
2.843850 7.65e-15
0.827838 5.96e-15
2.261365 2.78e-15
0.395969 1.30e-15
0.055698 2.35e-19
0.003861 1.23e-20
0.297982 5.95e-17
0.003062 9.59e-21
0.334960 5.94e-14
0.269954 7.20e-17
0.028854 4.73e-20
0.613760 8.97e-16
1.039076 8.30e-16
0.475876 2.99e-14
0.346522 1.70e-15
0.476623 2.00e-15
0.680575 3.75e-15
1.244419 7.12e-15
0.287773 1.05e-13
0.297394 7.95e-14
0.237099 1.10e-14
3.253211 3.86e-15
1.984597 3.17e-15
0.903913 7.40e-16
1.234854 6.43e-15
0.924054 1.53e-16
1.214441 3.80e-15
1.224754 2.67e-17
0.183157 3.19e-17
0.563295 9.15e-15
0.384891 5.50e-14
0.195671 6.85e-19
0.485268 1.26e-16
1.214090 4.00e-16
0.005491 1.49e-20
0.974725 7.28e-15
8.391116 6.98e-14
0.424311 9.26e-17
3.442308 2.93e-13
0.251659 1.13e-13
0.510160 1.90e-14
1.796250 5.70e-15
0.320366 5.47e-15
0.022699 1.76e-18
2.773461 8.92e-16
0.374920 1.62e-15
0.166762 1.68e-14
0.214836 2.73e-15
2.791025 1.67e-14
1.095452 9.77e-16
0.003479 7.79e-21
1.442349 1.08e-15
0.682265 1.62e-15
2.191987 5.29e-15
0.866349 4.13e-16
0.547199 3.08e-15
1.292241 1.68e-16
0.645161 1.39e-16
2.161259 7.53e-16
1.238130 2.11e-15
1.073567 1.22e-14
0.545446 1.89e-17
0.124836 2.44e-15
0.396728 3.48e-15
0.112799 1.20e-15
0.864873 1.05e-16
0.530661 1.71e-15
1.848919 9.96e-16
0.311674 1.28e-15
0.121116 4.44e-15
0.541404 9.78e-15
0.089355 1.25e-13
1.273768 6.80e-15
0.751624 3.54e-15
0.308581 3.90e-17
1.703946 8.13e-16
0.720612 1.64e-15
0.644354 9.50e-15
0.208956 1.72e-16
1.116097 1.60e-15
5.977493 1.20e-13
1.602228 4.46e-16
0.367953 7.91e-16
1.267536 6.32e-15
0.064686 7.26e-15
0.575072 1.36e-14
0.962509 1.68e-15
0.326774 2.33e-14
0.011110 4.90e-20
0.441995 8.75e-14
0.660313 1.07e-16
0.965171 1.89e-15
0.549553 4.63e-16
0.988281 1.49e-16
0.346287 2.49e-14
0.253556 1.83e-15
0.401626 6.69e-16
0.106755 1.52e-14
1.362890 3.33e-16
1.567994 3.61e-15
0.430619 1.37e-14
0.950289 9.76e-14
0.746295 3.55e-14
0.739501 4.88e-15
1.931627 2.50e-16
4.392159 8.37e-15
0.570409 2.69e-16
1.444773 4.65e-15
0.087545 3.29e-14
0.658558 1.14e-15
0.664367 2.29e-14
0.808127 3.96e-14
1.087418 9.11e-17
0.570264 4.53e-17
0.331586 4.83e-15
1.097706 3.49e-15
1.373815 5.80e-16
0.253065 2.30e-16
0.472834 4.39e-14
0.862118 3.52e-15
0.203557 1.95e-15
0.670086 8.20e-17
0.255677 9.59e-16
1.436583 5.14e-14
1.661177 8.60e-16
7.733640 5.99e-14
0.777501 1.57e-15
0.307072 2.21e-14
0.835797 5.73e-16
0.005256 1.71e-20
2.517945 8.81e-16
2.133591 3.77e-14
0.819911 1.77e-14
0.442901 5.58e-16
0.139882 5.74e-14
0.769584 1.93e-15
0.087834 6.98e-16
0.107386 8.08e-14
0.503459 3.13e-15
1.804695 1.74e-15
0.162499 2.01e-14
1.238305 4.05e-14
0.140480 6.74e-15
0.670026 5.34e-17
0.016453 4.33e-20
1.643726 1.45e-13
0.001688 1.20e-20
0.005162 1.85e-20
0.091403 1.61e-14
0.091403 1.61e-14
0.306411 1.78e-15
2.407622 1.79e-14
0.464208 1.94e-15
1.150590 2.30e-16
0.579577 3.50e-16
0.510368 1.65e-15
0.028852 6.74e-20
0.661992 1.25e-15
1.386368 9.45e-16
1.170859 6.73e-15
0.288602 1.04e-14
0.007474 1.76e-20
0.326271 1.24e-16
0.369427 1.14e-15
0.330328 6.10e-17
0.198451 1.69e-15
0.123671 9.63e-14
6.452077 3.81e-11
2.202325 4.41e-15
0.180592 2.00e-14
0.383830 3.87e-16
0.346909 4.07e-15
1.840004 3.14e-15
0.947558 9.24e-14
0.099661 2.95e-14
0.099661 2.79e-14
0.448635 7.08e-16
2.919397 2.03e-14
0.676082 5.76e-16
0.422447 3.58e-15
0.628306 2.25e-16
0.197108 5.83e-15
1.347402 1.33e-15
0.616270 6.57e-16
1.184999 4.30e-15
0.396587 9.90e-16
0.280905 1.97e-15
0.063193 1.58e-14
2.717934 2.33e-15
0.252773 9.01e-18
1.516531 3.40e-16
1.799396 1.56e-13
0.558253 2.06e-15
0.064962 3.15e-14
0.334213 8.24e-16
0.820484 2.84e-15
0.880820 4.61e-14
1.656440 2.49e-15
0.259777 7.23e-15
0.943158 7.95e-15
0.505097 1.25e-14
1.155272 2.40e-16
0.407746 4.02e-12
2.280597 3.67e-15
0.535783 2.77e-15
0.244838 6.54e-17
0.640234 6.46e-15
0.271434 5.25e-15
0.232976 2.75e-15
0.185560 9.00e-18
0.135477 7.53e-13
0.479099 6.20e-16
0.002630 4.01e-21
0.202737 2.81e-16
0.579416 3.30e-15
0.515984 1.10e-17
0.162323 1.59e-17
0.680984 9.52e-16
0.256353 4.60e-16
0.175166 6.80e-17
1.022875 4.52e-16
1.187913 3.73e-15
0.364706 8.22e-15
0.556216 7.17e-17
0.117564 1.25e-14
0.538432 1.96e-15
0.291468 4.63e-16
0.393899 4.31e-15
0.558383 7.79e-17
0.675646 6.95e-16
0.850665 3.08e-14
0.273372 1.79e-15
3.559937 1.11e-14
3.241029 2.70e-15
1.789829 1.28e-15
0.376570 6.69e-15
0.282012 5.59e-16
0.288409 2.65e-14
1.037931 1.02e-15
0.043589 1.43e-19
0.400522 3.93e-15
0.667486 2.40e-17
0.525074 2.82e-15
0.592136 3.56e-15
0.452801 2.13e-15
0.308861 2.17e-16
0.424130 6.60e-17
0.279767 7.26e-16
4.237010 4.31e-16
0.433084 2.57e-16
0.909823 5.34e-17
0.636414 1.15e-16
0.374047 1.68e-14
0.003539 1.62e-21
0.789212 8.03e-17
1.081164 1.50e-16
0.585761 2.02e-14
0.216476 4.95e-15
1.018453 2.06e-15
0.626324 2.88e-16
0.419618 9.46e-16
0.877239 3.80e-17
1.351236 1.40e-15
1.872994 1.40e-17
0.088282 8.11e-19
0.564759 6.92e-15
0.756892 3.88e-15
0.256778 1.97e-16
0.294760 1.56e-16
2.110974 2.19e-15
1.118591 1.45e-15
1.382449 9.60e-16
1.301908 1.19e-14
0.512242 1.74e-15
0.471225 8.00e-17
0.388481 4.50e-15
0.275207 1.00e-15
1.546819 7.13e-15
1.546819 7.18e-15
2.283093 1.09e-14
0.198335 1.69e-14
0.434445 1.21e-17
0.823339 1.08e-16
0.255496 2.10e-15
0.184502 6.24e-16
0.657974 4.00e-15
0.617308 3.63e-16
0.663329 1.21e-15
0.006219 1.14e-19
0.184528 2.67e-13
0.663830 5.64e-14
0.967846 6.33e-15
0.047763 2.28e-15
2.306642 2.18e-15
0.427762 3.21e-14
0.478231 2.11e-15
0.571647 4.03e-15
0.981902 5.86e-15
0.473026 5.97e-15
4.962427 2.11e-14
10.312522 1.12e-13
1.058833 5.26e-16
0.464700 8.64e-15
0.619454 8.79e-15
0.398292 1.84e-17
0.447518 1.51e-16
0.728154 1.48e-16
0.849236 5.71e-15
2.437432 6.83e-16
0.848933 8.00e-16
2.948390 1.17e-14
0.342825 5.30e-15
2.642199 1.26e-14
0.261271 1.02e-16
0.284351 1.53e-15
0.421118 1.50e-15
0.458488 1.90e-18
0.279729 9.25e-15
0.670037 5.66e-16
1.279058 2.37e-15
0.506058 2.59e-15
2.764209 1.11e-14
0.844109 5.58e-15
2.483804 9.79e-16
0.477991 3.24e-15
0.792670 3.10e-15
0.543009 5.31e-15
0.529913 1.89e-14
0.196479 1.53e-15
0.280678 3.12e-14
0.532699 3.01e-15
1.478721 6.10e-16
1.565218 3.39e-14
0.650434 5.60e-16
0.345603 5.40e-19
0.107718 2.16e-17
0.207953 3.56e-16
1.238990 1.39e-14
0.137055 5.30e-19
0.558179 3.50e-16
0.378622 5.05e-15
0.627285 1.95e-14
0.193340 2.53e-13
0.002389 1.86e-20
0.540102 4.30e-17
1.253085 3.25e-15
0.609962 1.42e-14
0.927772 3.79e-15
0.259363 5.13e-15
0.295699 7.53e-16
0.628903 1.23e-15
2.951938 1.48e-14
0.644301 2.81e-15
2.038674 7.15e-16
1.213381 5.99e-15
0.276603 3.10e-18
0.507380 7.24e-16
0.455769 1.47e-14
0.166108 3.60e-13
0.127501 6.34e-15
0.031182 3.89e-14
0.842790 1.67e-14
0.399170 9.00e-17
1.306198 1.20e-15
0.617575 1.20e-15
0.288349 6.11e-16
0.213075 5.47e-14
0.492344 3.16e-15
0.701615 8.85e-15
0.050052 3.18e-14
0.278729 6.74e-18
0.529156 1.91e-15
0.315225 9.87e-14
0.285625 3.33e-13
0.292408 2.23e-15
0.394946 7.43e-15
4.630188 6.39e-15
0.392479 5.80e-16
0.295580 4.28e-15
1.096806 8.89e-16
1.672596 2.71e-16
0.110570 1.70e-13
0.935772 2.37e-16
0.034117 6.75e-20
0.068180 8.32e-14
0.333411 1.45e-15
0.770375 7.80e-16
0.366734 3.94e-15
1.023504 2.40e-16
0.353263 2.20e-17
0.707868 7.42e-16
0.501730 4.78e-16
0.586486 6.21e-16
0.570290 2.08e-15
0.763915 4.28e-14
0.785441 2.77e-15
1.954430 5.64e-15
1.954430 5.63e-15
0.306368 3.02e-15
0.963348 1.03e-15
0.472995 1.54e-15
0.009348 2.54e-20
0.061696 8.59e-15
0.467616 6.33e-15
0.028635 1.42e-19
0.459605 1.12e-15
1.175840 3.60e-16
2.760228 8.23e-15
4.758576 1.85e-14
0.463330 8.60e-17
0.386625 5.07e-14
0.154991 1.45e-15
0.005792 1.16e-20
0.179485 2.75e-15
0.045249 8.17e-19
0.007987 2.43e-20
0.263377 9.83e-17
1.748301 5.29e-15
1.498637 3.66e-15
0.390739 1.23e-14
0.103150 2.55e-14
0.782949 1.70e-16
0.535504 1.83e-15
0.668105 3.64e-14
0.842104 1.35e-15
3.314002 1.40e-16
0.412985 5.53e-15
0.840739 6.37e-15
0.286757 1.60e-15
0.355655 1.16e-15
0.739682 5.00e-15
0.088922 9.17e-15
0.339038 2.12e-15
0.943871 6.10e-16
0.200384 4.85e-16
0.301511 3.44e-16
2.040532 1.92e-15
0.128694 6.85e-15
0.973458 2.75e-14
0.150658 1.54e-12
0.454839 9.25e-16
0.148796 2.88e-15
0.286646 6.10e-15
0.650837 2.16e-16
0.005554 4.12e-20
0.040935 2.72e-20
0.214925 4.06e-17
0.214925 4.62e-17
0.518758 4.27e-15
2.154307 8.37e-15
1.254052 5.96e-15
1.389605 3.30e-15
0.395353 2.00e-15
0.078219 3.90e-14
1.116049 3.56e-13
0.961043 1.26e-13
0.961043 1.26e-13
1.011694 1.62e-14
0.280349 1.16e-16
0.301888 1.23e-16
2.417582 1.91e-14
1.048705 1.13e-14
0.060822 2.49e-19
0.526556 3.96e-16
0.891265 8.10e-16
0.822249 4.10e-15
0.278957 4.68e-15
0.356849 9.63e-17
0.084202 1.37e-14
1.124836 7.80e-16
0.443825 6.50e-17
1.368881 1.43e-15
0.289689 1.54e-15
0.432866 4.07e-15
0.468402 4.05e-17
0.566734 1.43e-14
0.307178 2.72e-15
1.319759 7.90e-16
0.881438 1.91e-15
0.557841 1.37e-15
0.557841 1.35e-15
0.037904 2.42e-18
0.301311 1.93e-15
1.528124 4.17e-15
0.395731 1.57e-17
0.430464 2.78e-15
0.276726 1.42e-15
0.395731 4.10e-17
0.104675 3.21e-15
0.843980 7.12e-15
0.341213 4.55e-15
0.506568 4.20e-17
1.004958 7.28e-16
0.243392 4.85e-15
1.630846 2.02e-16
0.612916 4.21e-16
0.295838 7.50e-14
0.599245 3.97e-15
1.783865 5.89e-16
1.207568 7.78e-14
0.748448 4.32e-16
0.709064 8.80e-16
0.644255 1.01e-14
0.377119 5.20e-14
0.178554 6.07e-17
0.580840 1.18e-14
0.647198 2.56e-17
0.242190 5.94e-16
0.145655 8.00e-19
0.602738 4.05e-15
0.170934 1.07e-14
1.262471 8.54e-16
0.288347 1.41e-14
0.497772 4.70e-17
0.749659 1.78e-14
1.421124 9.35e-16
2.069833 2.32e-11
0.453394 1.95e-13
1.081328 1.57e-14
3.418039 3.12e-14
0.532578 6.94e-16
0.518110 6.22e-17
0.994681 1.04e-14
0.329187 3.30e-16
0.594575 6.04e-15
1.122342 1.86e-13
0.257056 1.02e-15
0.957242 2.05e-14
0.003598 9.50e-21
0.192601 5.06e-15
0.194454 2.13e-15
1.247666 8.87e-16
2.559357 7.21e-16
0.288457 6.24e-14
0.819990 1.59e-14
0.864227 6.96e-14
0.283070 1.59e-15
0.778313 3.01e-15
0.141909 1.24e-16
0.496077 2.79e-15
0.014842 1.57e-20
0.527466 4.96e-15
0.327418 1.02e-15
0.341403 8.40e-17
1.013609 4.75e-15
0.658013 2.56e-16
0.421816 3.06e-16
0.342723 2.54e-15
1.557917 5.09e-16
0.249609 5.01e-16
1.279402 1.30e-14
1.018393 2.30e-16
0.481119 1.36e-14
0.786468 2.62e-15
1.296850 1.95e-15
0.666438 5.42e-16
0.182492 5.17e-15
0.354550 2.01e-18
0.923834 1.57e-15
0.483311 3.78e-15
0.382376 6.32e-16
0.457502 1.92e-14
0.655221 6.63e-15
1.206801 2.36e-15
0.407292 1.59e-16
0.231694 4.95e-13
1.534008 7.44e-15
0.572592 2.90e-17
2.477568 1.58e-15
0.360958 3.38e-16
0.791526 2.00e-15
1.219594 1.91e-14
1.025831 2.89e-14
3.428466 1.81e-14
0.567080 1.65e-14
0.069394 1.40e-13
0.203553 1.99e-15
1.156360 6.74e-17
1.084020 1.30e-14
0.371924 7.68e-16
0.916938 1.56e-15
0.457681 5.05e-15
0.265072 3.07e-16
1.072968 1.71e-14
1.276446 2.58e-15
0.011076 6.71e-19
0.364590 1.02e-15
0.725732 4.21e-14
0.233164 7.99e-16
0.871243 6.07e-17
0.448723 4.15e-15
2.355278 4.43e-16
0.460339 1.68e-14
0.370141 8.28e-15
0.293928 1.75e-14
0.490857 3.93e-16
0.140746 1.73e-15
0.612331 3.64e-15
0.352464 7.38e-16
0.865971 1.24e-15
4.137539 1.75e-14
0.006001 1.00e-20
0.559071 1.42e-14
0.575971 2.23e-14
0.551241 8.81e-18
0.717637 6.60e-17
1.046810 1.49e-14
1.709154 7.60e-14
0.228564 1.51e-14
0.813487 6.50e-13
0.436507 6.20e-15
0.710830 7.69e-14
0.352142 3.79e-15
0.507356 1.57e-15
0.490507 1.19e-16
1.179387 2.32e-16
0.206649 4.67e-14
1.594746 3.60e-15
0.671964 8.79e-15
0.529121 1.37e-15
0.206649 4.67e-14
1.204644 2.07e-14
0.430367 1.51e-15
0.771367 3.62e-15
0.252870 5.75e-16
0.118771 3.19e-15
0.154027 5.92e-14
1.165741 4.44e-15
0.837365 5.83e-15
0.837365 5.85e-15
0.698261 7.70e-17
1.121944 2.50e-17
0.117802 1.61e-15
0.278137 5.15e-14
0.763933 3.07e-15
0.340503 2.65e-15
0.587559 1.50e-17
0.264558 2.89e-15
0.003163 2.83e-21
0.178352 8.06e-16
0.517405 4.20e-14
0.739099 3.34e-16
1.091008 4.11e-17
0.004622 1.85e-20
0.237383 3.18e-14
1.347899 8.28e-15
0.717508 3.00e-14
0.455060 2.01e-14
0.410861 8.13e-17
0.387690 1.78e-15
0.840680 1.10e-16
0.231603 1.13e-13
0.530075 2.10e-15
1.785611 1.70e-15
10.610655 9.20e-13
0.719455 3.53e-15
0.629632 1.85e-15
0.164950 2.37e-14
1.015257 5.59e-16
0.262026 3.67e-17
0.870712 4.40e-17
0.557019 4.97e-14
0.297692 6.55e-15
0.613571 1.70e-15
1.749552 3.20e-15
0.308918 1.98e-17
0.309398 1.67e-17
0.380870 1.61e-14
0.156399 1.82e-15
0.973394 3.04e-15
0.844081 4.81e-15
0.517443 8.19e-15
0.635056 1.81e-15
0.890534 2.07e-15
1.755311 1.36e-15
0.915803 6.54e-16
0.305447 1.76e-17
1.703739 3.16e-15
0.305037 2.79e-15
1.019372 4.36e-16
0.612558 4.81e-15
0.419280 1.50e-17
3.059510 3.45e-15
0.791822 1.68e-16
0.939165 7.35e-16
1.273945 1.30e-16
1.101555 5.09e-14
1.101555 5.12e-14
0.542936 3.66e-17
0.730134 1.28e-15
0.609607 8.20e-15
1.166449 4.28e-14
0.416874 3.86e-15
0.640958 6.18e-16
0.474381 1.71e-16
0.353293 2.50e-17
1.358307 4.71e-15
1.494091 4.32e-15
0.560504 5.03e-18
0.283792 9.91e-17
0.578363 1.08e-15
0.291341 5.60e-17
2.454609 1.11e-14
0.322909 5.19e-16
0.390328 3.78e-16
0.182136 5.23e-14
0.227565 1.14e-17
0.215507 9.79e-15
0.215507 9.79e-15
0.240524 2.24e-13
2.123506 3.30e-15
0.804341 1.73e-15
1.211785 6.60e-16
1.747293 1.43e-14
1.396401 5.08e-15
0.306323 9.10e-16
0.298987 4.14e-15
0.255426 1.08e-15
0.854482 1.93e-14
0.318941 6.06e-14
0.861067 3.47e-14
0.586287 3.00e-15
0.616979 6.51e-15
0.361921 2.92e-16
0.581017 1.92e-15
0.890594 5.70e-15
0.266474 1.56e-15
0.692113 4.20e-15
1.225782 8.60e-15
11.001327 1.93e-11
1.297837 2.61e-15
1.191024 1.88e-15
0.004631 3.63e-21
0.653054 6.31e-15
0.447857 2.27e-15
0.586986 7.86e-15
1.735898 8.00e-16
0.102459 9.30e-14
0.286561 1.02e-16
0.868804 1.10e-15
0.465365 7.41e-15
0.102618 2.67e-17
0.899218 1.55e-14
0.255360 1.28e-15
0.004570 8.53e-21
1.600114 1.77e-13
0.392452 5.74e-15
0.696279 5.88e-17
1.260212 9.20e-17
0.779628 1.46e-16
0.928108 4.40e-15
0.278481 3.77e-14
2.072153 3.01e-15
0.573745 8.76e-16
0.630314 1.80e-14
1.036067 2.87e-15
1.036067 2.88e-15
0.656299 9.80e-15
0.682419 5.29e-15
1.149499 8.20e-16
1.085521 3.30e-17
0.397857 1.22e-14
0.349929 1.75e-15
0.887718 3.62e-15
0.321793 1.96e-16
1.289379 2.62e-14
3.378207 1.60e-12
0.074670 1.32e-14
0.590473 7.51e-15
0.189094 1.67e-15
0.235475 3.92e-16
1.615664 7.40e-16
0.477715 8.28e-17
1.565601 5.80e-15
0.620448 7.46e-16
0.351125 3.27e-17
1.004037 1.62e-15
0.404040 1.28e-16
0.003497 5.90e-21
0.280424 2.52e-14
0.477158 6.46e-16
0.399183 4.46e-15
0.236173 1.09e-14
0.218554 3.74e-16
0.202722 8.01e-15
0.948237 7.25e-15
1.221708 2.11e-14
1.309109 3.51e-15
0.239919 4.30e-16
1.257788 1.99e-15
1.032471 1.50e-14
2.062386 2.30e-14
1.465071 2.79e-15
0.027083 2.47e-19
1.110346 1.21e-12
0.287432 1.44e-15
0.882778 3.33e-15
1.293100 1.10e-15
0.386004 1.12e-15
0.615538 7.20e-17
0.866343 2.33e-16
0.008123 2.02e-20
1.538427 8.85e-15
0.139460 8.48e-14
3.270242 2.20e-14
0.753048 1.68e-15
0.829829 1.64e-13
0.483770 1.82e-16
0.196543 2.62e-14
0.332887 4.02e-16
2.184001 1.30e-15
0.627981 1.28e-14
0.323434 6.61e-16
0.005313 1.42e-20
0.871683 4.27e-17
0.659794 2.10e-15
0.768185 1.11e-15
0.362052 1.65e-15
1.245915 4.10e-15
0.337586 1.50e-14
0.561778 3.62e-15
0.839394 4.21e-16
0.612524 1.05e-15
1.169205 2.28e-12
0.419335 1.21e-15
0.350963 2.61e-14
2.642223 3.43e-15
1.592419 1.49e-14
6.445036 3.00e-14
0.502803 1.57e-15
0.768672 3.73e-14
0.450432 1.39e-13
0.816273 2.25e-15
0.397585 6.12e-15
0.005850 2.41e-20
1.978847 8.56e-15
0.349591 3.15e-15
0.443398 8.19e-14
0.549498 2.96e-16
0.768499 7.95e-16
0.730373 8.86e-17
0.234169 1.56e-16
1.215698 8.17e-17
0.322882 7.88e-15
0.114368 1.14e-14
0.239317 2.18e-15
0.529441 1.86e-14
0.877561 1.97e-16
0.341772 1.99e-17
0.154087 2.15e-14
0.803050 1.45e-15
1.692656 1.85e-15
0.606784 4.66e-13
0.570310 2.55e-14
0.515001 3.90e-15
0.003650 1.68e-19
0.003747 3.02e-20
1.360738 1.84e-15
2.043082 2.27e-15
3.904506 1.63e-14
0.413700 1.69e-14
0.346797 8.06e-17
0.892959 1.48e-16
0.223558 6.34e-16
1.893749 8.99e-15
0.512211 1.93e-15
1.016349 8.16e-17
0.412401 3.38e-17
0.444645 1.56e-15
0.405337 4.78e-16
1.242508 4.72e-16
2.414576 1.21e-13
0.193105 1.06e-14
0.306167 7.83e-16
0.004075 8.94e-21
1.757206 2.38e-15
1.683507 8.33e-16
1.066061 2.12e-14
0.172444 1.55e-18
1.045407 6.31e-16
0.019376 9.50e-20
1.160593 2.86e-15
0.367429 1.07e-14
3.465038 4.92e-15
1.058148 1.05e-15
1.478480 1.27e-14
1.077101 1.34e-12
0.945224 1.25e-14
0.500254 1.33e-14
0.500254 1.32e-14
2.780079 2.37e-15
0.052153 1.56e-13
0.098814 6.13e-14
0.394133 1.21e-15
0.288603 3.99e-16
0.013496 5.87e-19
0.016264 3.12e-19
0.442838 1.11e-16
0.874486 2.42e-15
1.335388 1.72e-15
0.609874 7.87e-15
1.332310 2.12e-15
5.639047 7.95e-15
0.712794 1.08e-14
0.899377 2.64e-16
0.910363 1.97e-16
0.684014 3.81e-17
0.111601 5.67e-18
0.111601 5.66e-18
0.006075 1.92e-20
0.005140 4.93e-19
0.394836 2.64e-15
0.003915 1.13e-20
0.548225 8.90e-15
0.742352 1.29e-15
0.409051 6.43e-16
0.191037 6.18e-16
0.562558 8.13e-15
0.640229 3.47e-15
0.062955 2.02e-18
0.095138 7.90e-19
0.095138 1.54e-18
0.528336 1.41e-14
2.391397 1.56e-15
0.361691 5.71e-16
0.392704 7.82e-16
0.733744 6.86e-16
0.322231 4.42e-15
0.322231 4.42e-15
1.175968 9.02e-14
1.004513 3.12e-14
0.233541 1.12e-14
0.261955 1.37e-17
0.404980 5.27e-14
0.028462 1.02e-18
0.670480 2.85e-16
0.724514 1.36e-15
0.185310 7.82e-16
0.234101 1.29e-14
0.008870 2.69e-20
0.947256 7.20e-16
0.692552 1.69e-14
0.430278 9.56e-16
2.107263 1.55e-15
1.202893 5.17e-15
0.766706 9.41e-17
0.798452 2.55e-16
0.731505 3.07e-15
0.254720 9.34e-17
2.843389 1.86e-14
0.460974 1.09e-14
0.810718 1.07e-14
0.558889 3.76e-15
0.956549 9.96e-14
0.574400 4.63e-15
1.078953 3.77e-15
0.783185 1.15e-14
1.799272 5.50e-16
0.921491 3.31e-15
0.003625 5.31e-21
2.550498 1.82e-16
1.108725 7.03e-16
0.438113 1.55e-17
0.375297 1.60e-14
0.415796 1.13e-13
0.124924 1.28e-13
1.081908 3.29e-15
1.385604 3.97e-16
0.554262 2.11e-15
0.514671 5.64e-16
0.012648 7.26e-20
0.569007 8.56e-15
0.536596 1.77e-15
2.864338 1.52e-14
0.443649 3.30e-16
0.133617 1.34e-13
0.334415 1.71e-17
0.007101 5.39e-20
0.023101 4.67e-19
0.570511 1.43e-16
0.009343 4.09e-20
0.218712 9.99e-16
0.454651 9.69e-16
1.181269 2.73e-16
0.405769 8.39e-15
0.357807 1.76e-15
0.661402 5.82e-18
0.484286 5.73e-17
0.522618 1.41e-15
0.668309 8.62e-16
0.879791 1.70e-17
0.481789 1.21e-13
0.464300 1.29e-16
0.163727 2.88e-17
0.827776 1.22e-14
0.876044 1.24e-15
0.596993 7.72e-16
0.241035 1.16e-17
7.555920 5.49e-10
0.918410 1.71e-14
2.457882 6.58e-14
0.364912 7.05e-15
0.313886 1.52e-16
0.895285 5.24e-15
1.124481 1.06e-14
0.082747 2.55e-14
5.540354 7.77e-12
0.434811 7.28e-15
0.702414 3.82e-15
0.146788 3.44e-14
0.860388 1.20e-16
0.217214 2.39e-17
0.153716 5.22e-17
0.032822 1.47e-19
0.261049 3.83e-16
0.461713 2.69e-15
0.924945 1.61e-15
0.104182 9.01e-19
0.557464 6.31e-15
0.064667 4.40e-14
0.415813 2.97e-16
0.793903 3.60e-15
1.205366 1.91e-14
0.538341 9.82e-16
0.430991 3.77e-14
1.223352 2.39e-14
0.315835 1.77e-16
0.336425 2.10e-17
0.931089 2.55e-15
0.048072 1.76e-14
0.044699 1.54e-13
0.426466 2.08e-15
0.328514 4.78e-17
0.004430 1.25e-20
0.751261 1.66e-15
1.377868 2.92e-16
0.957464 6.33e-15
3.975905 7.45e-13
0.198436 7.79e-14
1.249924 3.63e-14
0.217643 6.48e-15
0.594500 1.33e-15
0.782313 7.26e-15
0.592885 6.64e-17
0.217923 1.93e-18
0.224604 1.43e-15
0.387017 2.05e-15
0.384487 5.80e-16
0.544800 3.82e-15
0.291489 2.04e-15
0.939690 4.11e-15
0.551134 9.68e-15
0.952708 7.06e-16
1.060364 3.59e-16
0.852047 3.13e-15
0.301490 1.32e-15
1.388137 7.61e-16
1.515696 5.97e-16
1.788490 2.59e-15
4.263164 5.75e-13
0.226539 7.85e-18
0.598076 6.33e-15
0.337321 9.32e-16
0.921460 4.50e-15
0.333243 3.79e-14
0.309905 9.36e-17
1.366682 8.71e-16
0.414111 3.72e-17
1.656010 8.95e-13
1.915131 5.37e-15
1.362817 1.75e-15
1.787037 2.35e-15
0.834839 1.35e-16
0.974700 3.55e-16
2.071040 8.48e-14
0.214771 9.07e-16
0.831156 1.89e-15
1.874269 1.35e-15
0.456512 4.59e-16
0.752907 2.27e-16
0.759777 1.13e-15
0.279829 1.38e-15
1.846534 3.65e-14
0.617107 9.60e-15
1.625405 4.52e-15
1.636792 2.79e-16
0.005440 3.38e-18
0.378596 3.22e-17
0.284054 2.93e-15
2.499468 3.91e-15
0.435759 3.55e-15
0.362492 5.38e-15
0.359394 3.92e-16
0.412230 7.58e-16
0.189335 5.23e-15
1.161743 3.01e-16
1.505875 1.74e-15
0.003054 1.62e-18
0.223320 4.40e-16
0.778949 8.76e-16
0.768984 5.23e-14
0.279187 2.27e-14
2.093136 4.91e-15
0.110222 1.21e-13
0.101466 7.51e-14
0.770620 8.78e-15
0.382073 1.08e-15
0.270502 1.54e-15
0.512548 7.23e-15
0.245757 1.00e-15
0.741640 7.29e-16
0.269415 1.46e-15
0.153197 6.13e-16
0.246328 2.07e-14
0.072052 1.48e-14
0.860332 9.95e-16
0.514523 1.27e-15
0.199147 5.25e-16
0.041010 5.25e-20
0.318401 4.79e-15
0.307133 5.55e-15
0.345698 2.37e-16
0.152512 2.11e-15
0.405043 6.00e-14
6.221553 4.77e-14
0.747188 1.79e-15
0.747188 1.71e-15
0.771493 7.62e-17
0.612133 3.09e-16
0.067267 8.32e-15
2.857941 5.47e-15
2.165679 2.99e-15
0.507945 1.09e-15
0.533917 1.51e-15
0.744295 3.71e-14
0.647293 6.39e-14
0.330354 4.20e-15
0.686704 4.16e-14
1.521545 1.28e-15
0.483459 1.23e-14
0.085284 9.17e-15
0.061866 2.02e-13
0.633640 5.27e-16
1.889436 2.70e-16
0.520954 1.05e-17
0.329532 4.49e-16
0.290108 7.19e-17
0.487914 1.83e-15
0.317315 6.04e-16
0.512980 5.82e-14
0.788354 3.25e-14
0.610259 6.74e-18
0.358306 4.69e-17
1.465656 1.93e-15
0.841865 3.06e-15
1.087749 4.73e-16
0.305830 4.05e-14
0.859192 2.14e-14
0.145347 4.39e-15
0.379536 4.32e-17
0.302448 5.92e-15
0.165907 2.06e-14
0.670486 1.74e-15
0.173264 1.53e-15
0.354237 1.66e-15
0.457245 1.30e-15
0.562711 1.18e-14
0.178756 1.04e-15
0.473513 3.77e-17
1.963532 6.20e-15
0.617037 1.68e-15
0.201063 3.30e-15
0.096294 4.52e-14
1.905809 7.72e-16
1.876019 3.65e-14
0.618358 5.50e-15
1.901967 2.68e-15
0.380831 1.16e-13
0.235303 3.34e-14
0.927178 7.74e-17
0.070498 4.92e-14
1.218354 3.08e-15
0.238778 1.25e-14
0.520940 7.69e-15
0.149461 8.10e-16
0.585319 3.31e-15
0.484914 1.32e-16
0.449548 3.64e-15
0.418969 2.60e-14
1.911428 4.95e-15
0.797478 8.29e-15
1.652862 1.49e-15
0.859368 9.60e-15
1.893353 2.29e-14
1.893353 2.30e-14
0.955672 2.35e-15
1.096440 2.42e-15
5.309377 2.37e-14
0.940962 6.41e-15
0.754470 3.20e-15
0.029773 8.17e-18
0.381319 1.09e-15
0.663321 1.81e-14
1.657656 3.35e-16
0.204068 5.79e-14
0.186147 6.39e-15
11.778943 4.47e-11
0.445749 2.34e-13
1.334557 6.41e-16
0.353603 1.60e-16
3.088256 2.96e-14
0.233326 8.11e-16
0.313016 7.60e-17
0.471604 2.29e-16
1.054228 6.72e-15
0.404920 4.52e-15
1.839944 5.09e-16
0.526682 2.19e-14
0.564475 2.20e-17
0.344643 1.05e-14
3.406539 1.04e-15
0.880330 7.79e-15
0.782598 2.49e-16
0.669872 2.47e-15
2.027524 1.44e-14
0.132314 1.04e-15
0.781934 2.39e-15
0.754963 8.54e-16
0.191614 2.14e-15
0.475393 1.33e-14
0.536414 1.74e-14
0.001846 9.59e-21
0.005471 6.11e-21
0.583550 7.20e-15
0.375463 1.87e-15
0.641098 6.08e-15
0.507722 1.67e-14
0.272966 2.86e-14
0.525049 1.02e-14
0.991027 3.91e-15
0.269443 6.80e-16
0.335163 6.18e-17
0.255699 9.71e-15
1.421654 5.46e-16
0.207636 8.86e-15
0.486751 1.13e-14
1.092348 1.34e-14
0.104695 3.67e-16
0.634354 9.35e-15
0.206220 2.01e-15
2.618918 9.72e-15
0.434373 1.12e-14
4.476723 1.61e-13
0.325684 7.08e-12
0.861380 5.19e-15
4.878839 6.06e-15
6.707046 1.27e-12
0.597769 5.17e-14
0.957991 1.09e-14
0.340832 2.83e-17
0.778164 4.65e-15
2.218603 3.74e-15
0.505957 8.75e-15
0.328665 2.72e-16
0.537624 1.61e-15
0.274557 1.35e-15
0.659432 5.25e-15
1.637129 8.86e-15
0.225004 2.87e-16
1.312218 1.43e-15
0.297770 1.41e-17
4.308190 2.33e-14
0.542155 2.80e-14
0.761194 2.16e-14
0.275641 1.53e-16
0.672481 1.11e-14
0.668408 2.20e-14
0.953384 5.39e-14
1.451319 4.62e-14
1.081844 3.59e-16
0.345582 1.49e-15
2.191498 4.32e-15
0.166634 3.91e-14
0.734185 1.26e-15
0.906977 1.37e-13
0.284697 1.09e-15
1.205303 1.15e-14
0.518721 4.74e-15
1.409065 8.74e-16
0.953182 2.48e-15
0.435194 7.96e-15
0.467894 5.68e-15
0.957751 1.40e-14
2.180195 9.70e-14
1.326149 1.02e-16
0.451473 1.76e-15
0.428979 5.15e-15
0.524151 1.46e-14
0.336337 8.77e-17
0.397882 3.35e-14
0.275578 2.14e-14
0.905137 1.29e-15
0.126400 6.11e-16
3.914658 5.13e-15
0.004092 8.85e-21
0.101436 5.57e-15
0.573197 6.39e-16
1.146595 4.16e-15
0.845348 1.81e-14
1.678106 9.29e-16
1.393484 2.67e-13
1.393484 2.67e-13
0.258685 7.52e-16
0.345401 2.40e-16
0.620217 1.22e-15
0.267440 2.08e-13
0.080903 6.22e-14
0.420252 3.71e-17
0.370483 1.70e-15
7.055203 2.98e-14
0.356929 5.46e-17
0.139760 3.12e-14
0.630983 1.40e-14
0.415823 4.03e-14
0.349951 6.93e-15
0.502924 4.74e-15
0.005362 1.78e-20
3.687219 1.05e-14
0.745828 4.61e-15
4.693233 2.43e-14
1.044313 2.55e-14
0.933972 3.93e-15
0.374262 5.71e-15
0.389869 5.13e-15
0.385194 1.42e-16
0.612209 2.05e-16
1.279193 1.86e-15
0.318817 3.24e-15
0.288219 2.36e-15
1.299693 4.56e-16
0.636584 5.23e-16
0.655450 7.46e-15
0.554756 1.27e-14
2.663080 1.32e-13
0.690576 8.67e-15
0.614757 3.11e-14
0.832002 1.80e-17
0.643999 2.29e-15
1.830857 1.31e-16
0.355725 2.29e-15
0.801693 2.57e-15
1.781928 1.64e-15
1.956858 8.23e-16
1.223777 2.41e-15
0.746577 1.29e-14
0.673500 7.71e-15
0.487813 2.10e-16
1.524672 2.00e-15
0.729304 4.03e-15
0.002150 1.88e-20
0.374117 1.92e-14
0.357154 5.74e-18
0.651185 4.45e-16
0.301459 6.79e-16
0.431887 3.40e-15
0.139525 1.18e-16
0.071095 1.10e-19
0.263345 1.73e-14
1.856570 2.76e-16
0.379387 8.90e-16
0.750808 7.42e-16
0.003784 4.86e-21
0.441210 1.11e-15
0.989706 1.35e-13
0.648040 4.94e-15
0.643181 3.05e-15
1.043362 1.15e-14
0.267275 2.14e-15
1.286564 1.52e-16
0.144072 2.03e-14
0.775345 1.32e-16
1.019093 2.05e-16
0.351879 1.14e-15
0.240153 8.22e-15
1.138403 3.15e-15
0.106631 8.73e-14
0.363676 1.84e-14
0.574698 6.71e-16
0.226107 9.43e-14
5.168918 7.78e-11
1.420160 1.60e-13
0.827097 1.95e-15
1.235757 5.41e-16
0.846793 9.80e-16
0.291021 2.59e-15
0.212353 8.25e-16
0.185397 2.39e-15
0.336555 3.49e-14
0.830270 9.80e-17
0.377578 1.70e-17
1.016948 5.52e-15
0.989831 5.53e-15
0.755993 2.06e-14
0.222949 3.58e-14
0.283640 2.64e-15
0.996108 2.19e-16
0.542451 9.70e-17
0.002947 1.40e-20
0.337855 2.62e-16
2.330263 4.47e-15
0.452867 1.92e-15
2.712423 6.12e-15
0.325415 8.31e-15
1.441742 8.23e-15
0.004984 9.77e-21
1.360603 1.78e-16
0.504605 2.19e-15
0.003266 2.95e-21
0.005277 2.16e-21
0.009035 9.64e-19
0.004626 1.71e-20
0.460406 1.31e-17
0.003626 1.42e-20
0.409349 1.58e-14
2.232969 1.02e-14
0.621976 2.25e-16
1.616130 2.79e-13
0.134409 4.57e-15
0.163246 1.76e-14
1.241965 4.32e-16
0.837148 1.67e-14
0.035909 3.37e-15
0.306069 5.02e-15
0.923391 8.68e-15
0.521473 8.04e-16
0.825936 4.07e-15
0.457527 1.02e-15
0.693811 3.32e-17
0.600997 6.56e-16
0.317306 2.99e-16
1.542704 3.31e-15
2.058314 1.39e-16
0.342777 1.57e-15
0.404540 1.53e-14
0.297494 4.89e-17
0.059030 8.63e-18
1.616231 4.05e-16
0.541752 1.07e-14
0.439995 2.90e-15
2.182746 1.31e-14
0.270254 2.52e-15
1.618339 6.81e-16
0.628970 3.40e-17
0.281842 3.65e-15
2.129665 1.75e-14
0.194631 7.20e-15
0.425897 2.86e-15
1.181023 2.12e-13
0.370883 2.54e-15
0.007646 2.40e-20
1.272260 7.67e-15
1.603984 5.89e-16
2.215802 6.48e-15
0.509886 1.56e-16
0.785522 3.44e-17
0.210648 5.36e-15
0.618183 5.60e-15
0.821035 8.96e-16
0.760681 5.00e-17
1.337302 1.35e-15
1.172763 6.49e-16
1.077924 8.18e-15
0.547209 4.30e-17
0.237790 2.09e-15
1.074078 2.46e-15
1.324922 2.19e-16
0.579823 1.80e-14
1.346012 1.43e-15
0.290305 6.35e-17
0.482766 1.16e-16
0.298313 2.24e-15
1.431066 7.71e-16
0.068729 1.32e-14
1.220470 2.36e-15
0.760032 3.66e-15
0.136855 7.51e-13
0.314355 5.01e-15
0.226518 1.16e-15
0.268217 4.22e-15
0.144470 5.76e-14
0.571420 2.84e-16
0.437454 2.18e-16
0.928324 3.18e-16
0.813690 8.11e-15
0.003543 3.70e-21
0.358738 6.00e-15
0.654408 3.78e-16
0.967338 4.04e-15
2.872774 5.61e-15
0.200980 6.43e-16
1.657429 3.48e-15
1.121562 5.68e-15
0.001558 1.05e-19
0.645302 1.83e-14
0.905394 9.96e-16
0.559084 1.24e-15
0.402858 9.56e-16
0.696262 1.01e-16
0.446226 4.66e-16
0.972429 1.66e-15
0.005185 1.71e-20
1.996899 7.30e-16
0.841158 9.86e-16
1.068708 2.42e-16
1.045632 5.35e-16
0.440618 2.41e-17
1.334450 8.89e-16
0.435060 2.20e-14
0.491865 1.99e-15
0.959448 1.49e-15
1.480744 4.78e-16
0.717311 7.06e-15
0.957617 3.27e-15
5.094083 3.03e-15
0.275026 1.28e-16
0.039531 5.84e-15
0.851890 2.86e-15
0.426677 1.71e-18
0.006133 2.97e-20
0.518938 1.37e-15
0.303911 2.20e-16
0.307683 3.11e-15
0.290388 2.10e-13
0.001607 1.69e-20
0.276497 2.25e-16
0.696761 1.05e-13
0.905067 1.74e-15
2.111265 7.46e-14
2.279661 2.57e-14
0.580871 4.60e-17
0.325724 1.37e-16
0.458735 3.32e-16
0.589196 5.40e-15
0.005223 4.82e-21
0.230194 8.85e-15
2.303299 5.10e-16
0.537143 9.96e-16
0.557953 1.48e-16
0.003935 7.02e-21
0.103741 9.57e-14
0.265317 5.48e-14
0.343402 1.89e-15
0.529197 3.06e-15
0.372619 2.51e-15
0.398173 2.03e-16
1.099651 3.09e-16
1.216805 1.23e-14
0.630513 8.85e-16
0.143247 2.01e-14
0.005949 1.10e-20
2.074377 2.04e-15
0.618715 4.50e-15
1.424568 9.44e-16
1.577286 4.13e-15
0.865606 5.95e-16
0.096131 1.27e-15
1.392715 6.30e-16
0.395555 1.95e-16
1.138286 1.82e-16
0.476735 1.11e-14
1.546938 1.47e-15
0.445945 4.18e-15
0.283901 1.52e-17
1.961572 1.10e-14
0.004509 1.27e-20
0.341336 1.96e-16
0.815181 1.34e-15
0.221508 3.69e-16
0.414871 8.62e-17
1.423102 3.50e-15
1.202852 2.62e-15
1.014685 7.15e-16
0.440153 2.89e-16
0.694053 7.68e-16
0.004931 2.06e-20
0.325771 2.26e-16
0.056133 9.54e-18
0.030529 4.99e-18
0.004651 1.78e-19
0.004027 3.20e-20
0.037660 2.00e-18
0.006743 2.40e-20
0.003726 2.08e-20
1.083514 1.42e-15
8.509827 4.96e-16
0.016052 2.98e-20
0.380140 1.68e-16
0.332206 1.01e-14
0.593534 7.08e-16
1.609020 9.16e-16
1.030002 1.24e-15
1.373654 4.23e-15
0.498149 1.42e-17
1.525266 3.43e-15
0.938014 9.00e-16
0.933161 6.99e-15
1.004593 4.95e-16
0.374196 2.37e-15
1.056844 6.51e-16
0.538469 2.77e-15
0.281399 6.17e-18
0.682538 9.66e-15
0.002978 1.46e-21
0.051624 7.83e-14
0.443055 2.26e-15
1.358745 2.22e-16
0.059767 1.58e-19
0.162733 9.86e-14
1.664501 4.82e-15
0.596799 1.13e-16
0.477233 6.59e-16
0.792236 6.65e-17
0.368246 5.75e-15
6.978948 4.84e-13
1.206404 2.04e-15
1.575886 2.89e-15
1.066371 5.69e-16
0.535829 8.70e-18
0.475068 1.99e-16
0.349434 1.12e-16
0.003445 2.36e-21
1.444653 1.05e-15
2.256488 7.04e-15
0.004808 9.70e-21
2.347486 2.59e-15
1.436310 2.83e-15
0.233652 3.53e-16
1.643622 4.63e-15
0.495300 1.92e-13
1.181463 1.36e-15
0.944784 1.63e-14
